100 886
1 0 13
2 0 2
3 2 12
4 2 5
5 4 8
6 4 3
7 4 1
8 5 6
9 0 12
10 0 17
11 0 7
12 5 8
13 5 18
14 13 14
15 2 18
16 3 5
17 0 12
18 6 14
19 0 8
20 13 3
21 6 7
22 5 14
23 5 7
24 3 13
25 13 12
26 23 6
27 15 14
28 19 6
29 13 15
30 23 3
31 25 7
32 27 15
33 8 11
34 28 20
35 1 17
36 31 12
37 25 12
38 6 20
39 11 18
40 7 2
41 17 11
42 41 17
43 29 1
44 43 2
45 2 8
46 43 2
47 2 16
48 18 16
49 36 7
50 1 1
51 50 6
52 17 3
53 37 1
54 7 1
55 6 17
56 8 15
57 55 4
58 3 16
59 21 16
60 13 12
61 21 13
62 37 16
63 21 18
64 54 11
65 40 8
66 58 5
67 39 4
68 66 5
69 3 19
70 61 12
71 17 5
72 47 5
73 2 13
74 47 16
75 6 17
76 72 10
77 6 15
78 6 20
79 73 4
80 72 1
81 22 9
82 39 19
83 14 2
84 0 6
85 55 9
86 75 18
87 74 10
88 76 7
89 35 2
90 79 16
91 20 2
92 45 6
93 8 2
94 77 8
95 28 3
96 7 10
97 21 11
98 21 20
99 45 18
52 4 5
4 95 6
94 19 7
2 44 4
46 21 4
6 8 16
95 80 19
96 1 15
84 16 9
89 1 11
31 9 2
86 70 20
38 80 2
37 89 1
95 6 17
22 1 5
4 61 2
60 46 14
62 82 11
50 7 13
32 64 18
49 4 4
75 56 16
18 12 20
55 38 6
26 93 18
85 15 11
73 58 2
63 36 4
99 3 8
5 36 11
49 72 11
29 86 14
88 54 15
7 98 3
53 15 19
19 39 11
74 17 8
35 30 16
97 39 10
40 82 12
80 60 1
42 4 16
32 34 3
14 85 18
62 26 1
1 67 7
11 54 16
78 92 13
28 4 2
51 99 17
80 49 6
41 58 17
82 19 1
82 24 5
95 22 20
53 13 11
56 43 8
29 91 10
60 16 20
58 84 12
86 1 13
38 67 8
94 69 14
88 55 3
15 43 20
92 32 17
81 43 11
98 44 17
56 85 19
58 30 19
45 44 4
71 93 3
33 10 2
15 45 11
50 20 15
45 66 3
51 8 1
91 21 20
78 35 1
68 89 17
70 45 2
16 45 20
16 8 8
51 49 5
34 45 20
23 67 14
40 1 1
88 44 18
88 70 14
62 7 16
45 63 19
2 41 4
3 6 4
38 60 9
27 43 16
73 75 19
56 0 8
84 94 1
64 63 18
77 10 2
83 9 17
59 36 4
34 27 16
46 39 18
33 78 18
39 36 7
80 64 3
78 94 13
42 38 9
64 20 7
3 25 3
62 30 17
77 8 16
54 96 7
93 82 2
55 5 8
48 3 20
41 13 14
75 64 8
62 70 8
60 41 1
28 57 15
97 54 14
64 34 17
91 45 16
29 42 4
72 96 7
98 38 12
33 22 13
81 29 17
16 50 7
78 53 20
46 89 5
4 58 16
41 40 1
87 81 13
17 57 4
9 13 17
68 9 8
93 58 3
57 79 9
58 50 8
89 57 16
40 2 4
38 88 2
35 45 13
98 57 3
44 95 6
77 21 2
60 50 6
11 12 14
19 23 3
20 46 19
53 9 9
30 41 11
96 75 19
71 34 13
69 80 9
29 95 6
82 95 15
17 60 2
69 17 15
64 4 20
17 80 16
55 10 16
93 32 15
28 39 14
32 88 20
32 68 2
27 63 19
17 81 19
68 54 20
74 8 18
16 27 20
75 11 20
0 62 19
10 94 12
38 1 9
58 15 5
99 2 16
37 92 16
84 4 1
42 99 12
93 29 6
54 8 14
34 98 20
41 66 7
98 10 7
38 63 12
34 77 20
20 54 9
96 44 15
21 4 2
21 28 19
89 83 19
98 24 20
68 87 17
11 32 16
80 99 16
16 78 9
65 61 4
93 4 5
39 30 11
16 56 18
13 2 2
63 22 5
77 91 7
61 5 15
75 60 19
50 56 20
88 24 8
0 90 3
59 12 3
3 23 13
57 94 14
25 73 8
40 61 17
87 64 14
26 52 8
84 35 9
21 26 9
81 51 9
60 23 9
58 38 5
3 21 3
28 46 18
77 67 3
18 11 16
2 81 15
52 75 6
10 62 11
60 29 12
94 65 14
39 73 10
75 1 5
32 4 14
86 27 15
58 55 14
79 75 19
15 11 8
45 10 3
94 49 15
64 66 5
88 27 2
52 35 3
44 56 9
77 30 16
95 91 9
13 42 1
91 38 19
75 16 12
87 53 5
2 62 12
2 33 2
3 77 2
33 11 6
69 30 1
55 83 9
78 57 11
31 64 20
7 16 9
79 89 7
2 91 5
55 72 1
11 24 11
52 18 20
81 57 12
22 55 20
33 4 17
16 74 19
7 74 17
91 88 12
22 78 19
87 9 15
4 59 1
92 90 12
86 26 15
38 34 13
17 89 19
60 42 20
0 36 12
59 57 7
67 10 15
53 34 6
98 61 20
11 50 8
5 2 7
83 65 16
95 27 8
29 33 16
98 91 13
21 86 15
64 35 14
14 50 2
97 6 3
18 30 4
93 92 15
59 63 16
86 59 9
96 4 20
24 18 4
50 4 17
86 34 16
22 86 7
83 60 7
37 90 17
78 3 4
45 58 13
69 73 5
81 79 16
72 66 9
39 9 2
48 71 13
46 95 10
60 99 8
29 46 12
24 41 13
15 16 6
59 87 19
69 59 16
64 36 13
61 11 13
35 91 14
10 13 6
29 55 3
30 51 3
76 67 6
98 64 15
61 45 11
58 82 20
38 79 15
16 54 16
20 45 17
67 4 15
6 14 16
68 55 6
51 2 4
7 90 10
99 9 15
30 75 14
78 79 3
49 91 11
50 80 16
22 74 14
3 17 5
21 31 7
65 77 15
4 15 1
3 53 18
71 22 17
91 86 20
4 53 2
40 98 3
26 15 5
7 39 9
29 19 20
64 73 14
31 29 8
7 86 8
75 23 16
70 51 3
47 4 1
2 14 14
36 38 9
63 18 11
61 17 20
62 61 1
92 95 11
8 63 3
49 43 5
54 13 8
77 27 4
11 42 13
95 56 8
56 19 14
88 8 20
74 67 14
86 3 6
57 72 12
31 43 17
29 3 7
24 64 12
38 77 17
29 83 6
20 52 16
90 26 9
18 14 11
58 7 15
5 14 9
83 49 5
92 68 12
76 90 4
48 68 13
66 2 13
42 32 3
23 85 6
40 4 2
59 1 8
37 49 7
45 86 13
79 17 8
47 38 8
45 0 20
50 57 11
59 72 3
23 22 11
30 14 16
51 22 8
77 73 17
35 24 10
98 51 13
21 50 18
18 57 6
56 22 14
82 51 8
99 93 11
67 50 3
30 82 16
28 93 19
53 28 11
64 9 2
34 87 4
32 40 8
53 49 8
37 51 20
9 72 1
57 62 6
30 56 8
5 82 15
76 78 6
59 37 3
22 17 4
75 67 11
82 47 17
47 51 3
16 22 10
37 34 18
22 10 14
77 20 17
13 93 19
9 57 3
74 36 6
57 26 14
99 43 14
70 31 11
25 89 2
38 72 3
63 84 18
96 69 8
29 21 20
91 60 8
71 3 16
36 69 12
16 85 1
97 64 16
78 4 17
89 19 9
3 38 8
58 56 16
66 94 8
31 53 12
27 31 1
93 91 4
79 97 4
19 63 17
96 78 6
66 95 16
85 5 20
2 50 2
56 23 11
81 52 17
23 94 6
17 72 16
93 78 20
22 44 5
86 94 20
94 7 6
74 20 16
4 87 3
4 72 7
69 58 11
62 47 6
3 9 2
70 60 18
84 10 13
72 69 17
15 21 16
59 22 16
85 39 15
31 79 12
6 27 6
30 19 5
29 84 12
61 55 16
25 38 17
36 25 14
46 57 19
21 55 15
29 38 16
41 0 3
89 52 7
12 10 13
23 28 16
85 34 13
45 38 14
11 28 6
35 3 4
47 80 18
43 10 19
53 17 2
12 34 1
40 84 20
22 25 15
67 31 4
76 74 8
59 30 1
18 89 2
51 23 15
14 23 20
18 73 12
67 78 2
76 51 12
35 29 11
36 35 19
64 61 17
15 48 12
98 53 1
84 30 5
32 54 3
80 21 18
87 45 13
83 57 17
39 41 19
81 49 18
27 55 12
47 34 6
19 12 12
54 93 15
48 70 17
59 41 7
87 77 4
39 49 19
14 90 19
9 63 5
15 56 8
54 62 6
85 64 16
36 12 8
58 75 2
6 45 4
19 35 10
78 66 2
42 73 11
45 17 5
44 90 9
59 53 12
74 5 1
48 26 17
8 9 17
36 94 20
54 66 16
41 69 11
0 89 7
96 38 6
59 13 2
43 86 17
42 82 18
99 31 18
58 0 4
93 95 12
56 17 9
66 13 3
99 67 13
8 34 12
0 4 3
59 5 3
32 55 14
93 63 15
93 34 5
30 3 1
32 22 19
14 82 15
59 81 1
98 32 5
8 60 2
33 72 6
64 0 13
9 82 9
64 17 14
68 12 7
66 31 7
93 22 2
80 54 16
79 36 11
1 92 18
83 59 8
93 84 6
64 30 9
82 84 5
19 59 20
48 61 3
64 12 17
58 10 15
82 28 12
93 38 8
96 66 1
50 48 17
74 88 18
90 99 13
43 68 16
20 1 15
23 89 16
89 54 14
48 7 6
97 99 1
33 94 6
54 75 14
8 52 19
34 83 15
50 38 9
85 35 18
26 84 7
34 65 5
71 73 3
20 62 16
20 59 17
7 14 16
2 46 13
56 99 8
38 31 2
82 71 10
79 61 4
22 54 1
93 9 18
93 31 7
80 79 5
42 0 14
58 48 12
73 96 16
35 97 18
37 85 7
65 18 6
29 5 4
12 84 16
82 3 12
76 62 20
33 63 15
83 17 4
66 9 2
4 8 13
49 62 12
23 57 3
68 64 9
83 3 8
46 58 10
66 53 13
72 60 14
84 43 16
89 76 14
96 22 6
96 82 16
42 58 14
78 54 5
26 10 10
91 65 7
31 48 13
16 21 8
47 65 2
77 24 8
75 28 2
94 5 12
78 81 13
8 98 1
57 5 15
52 88 14
83 64 10
4 35 10
31 6 8
51 48 11
73 91 15
0 82 13
72 40 8
51 58 8
57 6 8
97 56 7
67 12 5
60 48 3
60 63 17
2 94 7
92 86 17
19 55 16
28 71 5
77 11 16
76 8 2
65 50 12
1 85 1
9 28 17
29 4 3
43 34 1
80 94 10
56 98 19
39 91 13
95 50 19
65 84 13
39 54 7
6 44 6
39 29 4
22 98 20
33 14 6
28 77 12
28 81 11
67 0 14
46 64 12
90 96 6
51 97 15
85 69 19
49 8 5
34 30 14
0 32 13
31 37 8
86 78 16
32 19 10
77 19 5
6 13 8
51 29 14
58 8 6
77 37 11
47 63 2
67 69 20
23 68 11
24 79 10
98 79 20
59 84 12
40 38 5
31 69 14
94 28 8
15 36 9
40 18 5
99 86 15
1 12 11
13 45 6
12 69 15
61 72 12
50 81 16
14 27 9
95 94 4
9 29 13
61 95 13
93 81 10
63 4 20
44 9 17
1 45 3
69 51 12
49 79 18
37 16 2
58 86 17
83 31 2
8 83 9
75 62 17
88 86 8
12 71 20
70 57 11
0 48 3
0 27 18
36 44 10
9 90 20
81 0 4
17 14 9
29 53 5
10 83 15
11 72 16
30 90 14
53 47 15
36 91 10
30 4 3
75 87 16
30 20 10
69 87 16
68 24 18
18 85 20
91 23 3
36 34 15
72 48 19
48 83 13
48 64 11
4 1 5
